1 0.5296875 0.528125 0.12109375 0.21640625
2 0.69765625 0.48359375 0.06953125 0.121875
0 0.31171875 0.6046875 0.11875 0.21328125
2 0.340625 0.39296875 0.028125 0.05078125
2 0.63125 0.3484375 0.06796875 0.11953125
2 0.5171875 0.33046875 0.02890625 0.05078125
0 0.3875 0.49921875 0.028125 0.05078125
1 0.42265625 0.6078125 0.028125 0.05078125
1 0.94140625 0.58828125 0.028125 0.05078125
1 0.4796875 0.35390625 0.01328125 0.0234375
2 0.59453125 0.42578125 0.01328125 0.0234375
0 0.63125 0.3484375 0.06796875 0.11953125
0 0.6234375 0.48671875 0.01328125 0.0234375
1 0.6234375 0.58671875 0.01328125 0.0234375
1 0.41171875 0.371875 0.06796875 0.11953125