0 0.4578125 0.48203125 0.02890625 0.053125
0 0.49765625 0.60859375 0.011328125 0.023828125
0 0.32578125 0.66484375 0.011328125 0.023828125
1 0.3640625 0.71953125 0.02890625 0.053125
2 0.4703125 0.6390625 0.02890625 0.053125
2 0.328125 0.50546875 0.03046875 0.053125
1 0.64296875 0.45703125 0.0296875 0.053125
0 0.6703125 0.63671875 0.02890625 0.053125
1 0.48125 0.4359375 0.012109375 0.024609375
2 0.34296875 0.46640625 0.011328125 0.023828125
1 0.659375 0.70234375 0.012109375 0.023828125
2 0.69765625 0.553125 0.011328125 0.024609375