1 0.5296875 0.528125 0.12109375 0.215625
2 0.69765625 0.48359375 0.06953125 0.121875
0 0.31171875 0.6046875 0.11875 0.21328125
2 0.96328125 0.51640625 0.03046875 0.05546875
2 0.340625 0.39296875 0.028125 0.05078125
0 0.63125 0.3484375 0.06796875 0.11953125
0 0.421875 0.41796875 0.02734375 0.05078125
1 0.42265625 0.60703125 0.02734375 0.05078125
0 0.38359375 0.48828125 0.0140625 0.02109375
2 0.37734375 0.5703125 0.0140625 0.02109375
1 0.4796875 0.3546875 0.0140625 0.02109375
0 0.62265625 0.4875 0.0140625 0.02109375
1 0.6234375 0.58671875 0.0140625 0.02109375
1 0.94140625 0.590625 0.03046875 0.05546875