2 0.34140625 0.3875 0.0125 0.02578125
2 0.3265625 0.4234375 0.028125 0.05390625
2 0.46953125 0.55859375 0.028125 0.05390625
2 0.46953125 0.55859375 0.028125 0.05390625
0 0.45625 0.40234375 0.028125 0.05390625
1 0.6421875 0.375 0.028125 0.05390625
1 0.365625 0.6375 0.028125 0.05390625
0 0.66875 0.5578125 0.028125 0.05390625
0 0.32578125 0.5828125 0.0125 0.02578125
0 0.496875 0.52734375 0.0125 0.02578125
1 0.4796875 0.3546875 0.0125 0.02578125
2 0.69765625 0.47421875 0.0125 0.02578125
1 0.65703125 0.62109375 0.0125 0.02578125